[
    [
        0.67,
        0.68,
        0.75,
        0.94,
        0.48,
        0.75,
        0.94,
        0.94,
        0.94,
        0.75,
        0.86,
        0.94,
        0.56,
        0.71,
        0.94
    ],
    [
        0.68,
        0.4,
        0.62,
        0.72,
        0.26,
        0.62,
        0.72,
        0.72,
        0.72,
        0.62,
        0.66,
        0.72,
        0.49,
        0.6,
        0.72
    ],
    [
        0.75,
        0.62,
        0.0,
        0.72,
        0.27,
        0.0,
        0.57,
        0.57,
        0.57,
        0.0,
        0.66,
        0.57,
        0.51,
        0.0,
        0.57
    ],
    [
        0.82,
        0.72,
        0.72,
        0.17,
        0.39,
        0.72,
        0.17,
        0.17,
        0.17,
        0.72,
        0.42,
        0.17,
        0.61,
        0.58,
        0.17
    ],
    [
        0.48,
        0.26,
        0.27,
        0.39,
        0.28,
        0.27,
        0.39,
        0.39,
        0.39,
        0.27,
        0.32,
        0.39,
        0.3,
        0.19,
        0.39
    ],
    [
        0.75,
        0.62,
        0.0,
        0.72,
        0.27,
        0.0,
        0.57,
        0.57,
        0.57,
        0.0,
        0.66,
        0.57,
        0.51,
        0.0,
        0.57
    ],
    [
        0.94,
        0.72,
        0.57,
        0.17,
        0.39,
        0.57,
        0.0,
        0.0,
        0.0,
        0.57,
        0.62,
        0.0,
        0.61,
        0.38,
        0.0
    ],
    [
        0.94,
        0.72,
        0.57,
        0.17,
        0.39,
        0.57,
        0.0,
        0.0,
        0.0,
        0.57,
        0.62,
        0.0,
        0.61,
        0.38,
        0.0
    ],
    [
        0.94,
        0.72,
        0.57,
        0.17,
        0.39,
        0.57,
        0.0,
        0.0,
        0.0,
        0.57,
        0.25,
        0.0,
        0.61,
        0.38,
        0.0
    ],
    [
        0.25,
        0.62,
        0.0,
        0.57,
        0.27,
        0.0,
        0.57,
        0.57,
        0.57,
        0.0,
        0.32,
        0.57,
        0.51,
        0.0,
        0.57
    ],
    [
        0.86,
        0.66,
        0.66,
        0.42,
        0.32,
        0.66,
        0.62,
        0.62,
        0.62,
        0.32,
        0.5,
        0.62,
        0.49,
        0.56,
        0.62
    ],
    [
        0.94,
        0.72,
        0.57,
        0.17,
        0.39,
        0.57,
        0.0,
        0.0,
        0.0,
        0.57,
        0.62,
        0.0,
        0.61,
        0.38,
        0.0
    ],
    [
        0.56,
        0.49,
        0.51,
        0.61,
        0.3,
        0.51,
        0.61,
        0.61,
        0.61,
        0.51,
        0.49,
        0.61,
        0.44,
        0.39,
        0.61
    ],
    [
        0.71,
        0.6,
        0.0,
        0.58,
        0.19,
        0.0,
        0.38,
        0.38,
        0.38,
        0.0,
        0.56,
        0.38,
        0.39,
        0.0,
        0.38
    ],
    [
        0.94,
        0.72,
        0.57,
        0.17,
        0.39,
        0.57,
        0.0,
        0.0,
        0.0,
        0.57,
        0.62,
        0.0,
        0.61,
        0.38,
        0.0
    ]
]