[
    [
        0.0,
        0.58,
        0.75,
        0.78,
        0.52,
        0.44,
        0.78,
        0.94,
        0.75,
        0.86,
        0.94,
        0.39,
        0.38,
        0.78
    ],
    [
        0.58,
        0.0,
        0.62,
        0.72,
        0.37,
        0.53,
        0.72,
        0.62,
        0.62,
        0.52,
        0.72,
        0.45,
        0.48,
        0.72
    ],
    [
        0.75,
        0.62,
        0.0,
        0.72,
        0.29,
        0.0,
        0.57,
        0.57,
        0.0,
        0.66,
        0.57,
        0.32,
        0.0,
        0.57
    ],
    [
        0.82,
        0.72,
        0.72,
        0.17,
        0.41,
        0.72,
        0.33,
        0.33,
        0.72,
        0.5,
        0.33,
        0.57,
        0.58,
        0.17
    ],
    [
        0.52,
        0.37,
        0.29,
        0.41,
        0.32,
        0.27,
        0.41,
        0.41,
        0.29,
        0.32,
        0.41,
        0.27,
        0.19,
        0.41
    ],
    [
        0.44,
        0.53,
        0.0,
        0.72,
        0.27,
        0.0,
        0.57,
        0.57,
        0.0,
        0.66,
        0.57,
        0.32,
        0.0,
        0.57
    ],
    [
        0.78,
        0.72,
        0.57,
        0.33,
        0.41,
        0.57,
        0.0,
        0.0,
        0.57,
        0.38,
        0.0,
        0.57,
        0.38,
        0.0
    ],
    [
        0.94,
        0.62,
        0.57,
        0.33,
        0.41,
        0.57,
        0.0,
        0.0,
        0.57,
        0.25,
        0.0,
        0.61,
        0.38,
        0.0
    ],
    [
        0.25,
        0.62,
        0.0,
        0.57,
        0.29,
        0.0,
        0.57,
        0.57,
        0.0,
        0.32,
        0.57,
        0.51,
        0.0,
        0.57
    ],
    [
        0.86,
        0.52,
        0.66,
        0.5,
        0.32,
        0.66,
        0.38,
        0.62,
        0.32,
        0.0,
        0.62,
        0.44,
        0.56,
        0.38
    ],
    [
        0.94,
        0.72,
        0.57,
        0.33,
        0.41,
        0.57,
        0.0,
        0.0,
        0.57,
        0.62,
        0.0,
        0.61,
        0.38,
        0.0
    ],
    [
        0.39,
        0.45,
        0.32,
        0.57,
        0.27,
        0.32,
        0.57,
        0.61,
        0.51,
        0.44,
        0.61,
        0.27,
        0.17,
        0.57
    ],
    [
        0.38,
        0.48,
        0.0,
        0.58,
        0.19,
        0.0,
        0.38,
        0.38,
        0.0,
        0.56,
        0.38,
        0.17,
        0.0,
        0.38
    ],
    [
        0.78,
        0.72,
        0.57,
        0.17,
        0.41,
        0.57,
        0.0,
        0.0,
        0.57,
        0.38,
        0.0,
        0.57,
        0.38,
        0.0
    ]
]